2019-09-11 2 1 60
2019-09-11 2 1 153
2019-09-11 2 1 74
2019-09-11 2 2 275
2019-09-11 2 2 227
2019-09-11 2 2 222
2019-09-11 2 3 94
2019-09-11 2 3 91
2019-09-11 2 3 283
2019-09-11 2 4 179
2019-09-11 2 4 60
2019-09-11 2 4 258
2019-09-11 3 5 30
2019-09-11 3 5 194
2019-09-11 3 5 210
2019-09-11 3 6 238
2019-09-11 3 6 231
2019-09-11 3 6 38
2019-09-11 3 7 265
2019-09-11 3 7 246
2019-09-11 3 7 48
2019-09-11 3 8 179
2019-09-11 3 8 118
2019-09-11 3 8 191
2019-09-11 4 13 264
2019-09-11 4 13 46
2019-09-11 4 13 205
2019-09-11 4 14 104
2019-09-11 4 14 154
2019-09-11 4 14 65
2019-09-11 4 15 59
2019-09-11 4 15 184
2019-09-11 4 15 188
2019-09-11 4 16 129
2019-09-11 4 16 158
2019-09-11 4 16 140
2019-09-11 5 9 76
2019-09-11 5 9 248
2019-09-11 5 9 228
2019-09-11 5 10 58
2019-09-11 5 10 153
2019-09-11 5 10 258
2019-09-11 5 11 41
2019-09-11 5 11 153
2019-09-11 5 11 177
2019-09-11 5 12 248
2019-09-11 5 12 117
2019-09-11 5 12 133
2019-08-10 2 1 78
2019-08-10 2 1 30
2019-08-10 2 1 256
2019-08-10 2 2 193
2019-08-10 2 2 217
2019-08-10 2 2 245
2019-08-10 2 3 235
2019-08-10 2 3 147
2019-08-10 2 3 74
2019-08-10 2 4 88
2019-08-10 2 4 182
2019-08-10 2 4 104
2019-08-10 3 5 242
2019-08-10 3 5 96
2019-08-10 3 5 229
2019-08-10 3 6 125
2019-08-10 3 6 232
2019-08-10 3 6 276
2019-08-10 3 7 98
2019-08-10 3 7 159
2019-08-10 3 7 59
2019-08-10 3 8 221
2019-08-10 3 8 142
2019-08-10 3 8 97
2019-08-10 4 13 100
2019-08-10 4 13 44
2019-08-10 4 13 44
2019-08-10 4 14 187
2019-08-10 4 14 147
2019-08-10 4 14 296
2019-08-10 4 15 264
2019-08-10 4 15 222
2019-08-10 4 15 51
2019-08-10 4 16 219
2019-08-10 4 16 114
2019-08-10 4 16 239
2019-08-10 5 9 189
2019-08-10 5 9 48
2019-08-10 5 9 85
2019-08-10 5 10 233
2019-08-10 5 10 106
2019-08-10 5 10 264
2019-08-10 5 11 62
2019-08-10 5 11 73
2019-08-10 5 11 59
2019-08-10 5 12 262
2019-08-10 5 12 168
2019-08-10 5 12 287
2019-12-28 2 1 146
2019-12-28 2 1 47
2019-12-28 2 1 183
2019-12-28 2 2 284
2019-12-28 2 2 114
2019-12-28 2 2 253
2019-12-28 2 3 54
2019-12-28 2 3 154
2019-12-28 2 3 165
2019-12-28 2 4 171
2019-12-28 2 4 150
2019-12-28 2 4 128
2019-12-28 3 5 92
2019-12-28 3 5 171
2019-12-28 3 5 72
2019-12-28 3 6 202
2019-12-28 3 6 135
2019-12-28 3 6 231
2019-12-28 3 7 246
2019-12-28 3 7 191
2019-12-28 3 7 189
2019-12-28 3 8 51
2019-12-28 3 8 154
2019-12-28 3 8 222
2019-12-28 4 13 120
2019-12-28 4 13 209
2019-12-28 4 13 209
2019-12-28 4 14 258
2019-12-28 4 14 195
2019-12-28 4 14 197
2019-12-28 4 15 246
2019-12-28 4 15 66
2019-12-28 4 15 214
2019-12-28 4 16 128
2019-12-28 4 16 76
2019-12-28 4 16 54
2019-12-28 5 9 106
2019-12-28 5 9 100
2019-12-28 5 9 178
2019-12-28 5 10 241
2019-12-28 5 10 241
2019-12-28 5 10 298
2019-12-28 5 11 94
2019-12-28 5 11 59
2019-12-28 5 11 195
2019-12-28 5 12 136
2019-12-28 5 12 257
2019-12-28 5 12 300
2019-04-22 2 1 190
2019-04-22 2 1 277
2019-04-22 2 1 224
2019-04-22 2 2 69
2019-04-22 2 2 198
2019-04-22 2 2 70
2019-04-22 2 3 248
2019-04-22 2 3 132
2019-04-22 2 3 298
2019-04-22 2 4 169
2019-04-22 2 4 299
2019-04-22 2 4 243
2019-04-22 3 5 205
2019-04-22 3 5 213
2019-04-22 3 5 96
2019-04-22 3 6 277
2019-04-22 3 6 237
2019-04-22 3 6 172
2019-04-22 3 7 76
2019-04-22 3 7 140
2019-04-22 3 7 138
2019-04-22 3 8 43
2019-04-22 3 8 138
2019-04-22 3 8 202
2019-04-22 4 13 98
2019-04-22 4 13 58
2019-04-22 4 13 63
2019-04-22 4 14 54
2019-04-22 4 14 57
2019-04-22 4 14 151
2019-04-22 4 15 227
2019-04-22 4 15 244
2019-04-22 4 15 128
2019-04-22 4 16 177
2019-04-22 4 16 283
2019-04-22 4 16 51
2019-04-22 5 9 217
2019-04-22 5 9 257
2019-04-22 5 9 154
2019-04-22 5 10 240
2019-04-22 5 10 151
2019-04-22 5 10 152
2019-04-22 5 11 209
2019-04-22 5 11 81
2019-04-22 5 11 90
2019-04-22 5 12 275
2019-04-22 5 12 58
2019-04-22 5 12 52
2019-06-27 2 1 189
2019-06-27 2 1 36
2019-06-27 2 1 117
2019-06-27 2 2 297
2019-06-27 2 2 235
2019-06-27 2 2 211
2019-06-27 2 3 80
2019-06-27 2 3 268
2019-06-27 2 3 236
2019-06-27 2 4 107
2019-06-27 2 4 145
2019-06-27 2 4 162
2019-06-27 3 5 76
2019-06-27 3 5 243
2019-06-27 3 5 64
2019-06-27 3 6 85
2019-06-27 3 6 290
2019-06-27 3 6 277
2019-06-27 3 7 41
2019-06-27 3 7 143
2019-06-27 3 7 217
2019-06-27 3 8 162
2019-06-27 3 8 292
2019-06-27 3 8 151
2019-06-27 4 13 213
2019-06-27 4 13 107
2019-06-27 4 13 125
2019-06-27 4 14 267
2019-06-27 4 14 156
2019-06-27 4 14 294
2019-06-27 4 15 71
2019-06-27 4 15 44
2019-06-27 4 15 56
2019-06-27 4 16 184
2019-06-27 4 16 66
2019-06-27 4 16 261
2019-06-27 5 9 95
2019-06-27 5 9 116
2019-06-27 5 9 254
2019-06-27 5 10 56
2019-06-27 5 10 219
2019-06-27 5 10 98
2019-06-27 5 11 214
2019-06-27 5 11 266
2019-06-27 5 11 66
2019-06-27 5 12 249
2019-06-27 5 12 50
2019-06-27 5 12 56
2019-02-14 2 1 195
2019-02-14 2 1 167
2019-02-14 2 1 219
2019-02-14 2 2 186
2019-02-14 2 2 288
2019-02-14 2 2 157
2019-02-14 2 3 290
2019-02-14 2 3 139
2019-02-14 2 3 124
2019-02-14 2 4 145
2019-02-14 2 4 158
2019-02-14 2 4 191
2019-02-14 3 5 185
2019-02-14 3 5 184
2019-02-14 3 5 100
2019-02-14 3 6 221
2019-02-14 3 6 144
2019-02-14 3 6 191
2019-02-14 3 7 36
2019-02-14 3 7 98
2019-02-14 3 7 217
2019-02-14 3 8 251
2019-02-14 3 8 192
2019-02-14 3 8 131
2019-02-14 4 13 216
2019-02-14 4 13 229
2019-02-14 4 13 105
2019-02-14 4 14 236
2019-02-14 4 14 281
2019-02-14 4 14 55
2019-02-14 4 15 293
2019-02-14 4 15 175
2019-02-14 4 15 193
2019-02-14 4 16 237
2019-02-14 4 16 87
2019-02-14 4 16 206
2019-02-14 5 9 120
2019-02-14 5 9 76
2019-02-14 5 9 44
2019-02-14 5 10 240
2019-02-14 5 10 217
2019-02-14 5 10 173
2019-02-14 5 11 156
2019-02-14 5 11 101
2019-02-14 5 11 56
2019-02-14 5 12 226
2019-02-14 5 12 47
2019-02-14 5 12 197
2019-09-23 2 1 291
2019-09-23 2 1 59
2019-09-23 2 1 300
2019-09-23 2 2 182
2019-09-23 2 2 186
2019-09-23 2 2 216
2019-09-23 2 3 136
2019-09-23 2 3 287
2019-09-23 2 3 177
2019-09-23 2 4 116
2019-09-23 2 4 42
2019-09-23 2 4 196
2019-09-23 3 5 262
2019-09-23 3 5 231
2019-09-23 3 5 158
2019-09-23 3 6 74
2019-09-23 3 6 136
2019-09-23 3 6 248
2019-09-23 3 7 120
2019-09-23 3 7 151
2019-09-23 3 7 213
2019-09-23 3 8 62
2019-09-23 3 8 49
2019-09-23 3 8 68
2019-09-23 4 13 159
2019-09-23 4 13 101
2019-09-23 4 13 291
2019-09-23 4 14 176
2019-09-23 4 14 268
2019-09-23 4 14 159
2019-09-23 4 15 225
2019-09-23 4 15 284
2019-09-23 4 15 214
2019-09-23 4 16 250
2019-09-23 4 16 166
2019-09-23 4 16 100
2019-09-23 5 9 165
2019-09-23 5 9 272
2019-09-23 5 9 112
2019-09-23 5 10 68
2019-09-23 5 10 88
2019-09-23 5 10 124
2019-09-23 5 11 234
2019-09-23 5 11 75
2019-09-23 5 11 80
2019-09-23 5 12 91
2019-09-23 5 12 119
2019-09-23 5 12 187
2019-11-27 2 1 63
2019-11-27 2 1 274
2019-11-27 2 1 293
2019-11-27 2 2 82
2019-11-27 2 2 68
2019-11-27 2 2 151
2019-11-27 2 3 179
2019-11-27 2 3 84
2019-11-27 2 3 52
2019-11-27 2 4 173
2019-11-27 2 4 213
2019-11-27 2 4 273
2019-11-27 3 5 156
2019-11-27 3 5 126
2019-11-27 3 5 222
2019-11-27 3 6 47
2019-11-27 3 6 222
2019-11-27 3 6 113
2019-11-27 3 7 290
2019-11-27 3 7 34
2019-11-27 3 7 151
2019-11-27 3 8 103
2019-11-27 3 8 154
2019-11-27 3 8 110
2019-11-27 4 13 174
2019-11-27 4 13 205
2019-11-27 4 13 197
2019-11-27 4 14 263
2019-11-27 4 14 117
2019-11-27 4 14 232
2019-11-27 4 15 223
2019-11-27 4 15 150
2019-11-27 4 15 232
2019-11-27 4 16 215
2019-11-27 4 16 228
2019-11-27 4 16 270
2019-11-27 5 9 65
2019-11-27 5 9 132
2019-11-27 5 9 53
2019-11-27 5 10 87
2019-11-27 5 10 275
2019-11-27 5 10 262
2019-11-27 5 11 85
2019-11-27 5 11 131
2019-11-27 5 11 87
2019-11-27 5 12 277
2019-11-27 5 12 148
2019-11-27 5 12 35
2019-10-12 2 1 39
2019-10-12 2 1 210
2019-10-12 2 1 262
2019-10-12 2 2 189
2019-10-12 2 2 290
2019-10-12 2 2 161
2019-10-12 2 3 119
2019-10-12 2 3 187
2019-10-12 2 3 123
2019-10-12 2 4 206
2019-10-12 2 4 144
2019-10-12 2 4 71
2019-10-12 3 5 81
2019-10-12 3 5 75
2019-10-12 3 5 256
2019-10-12 3 6 34
2019-10-12 3 6 70
2019-10-12 3 6 46
2019-10-12 3 7 137
2019-10-12 3 7 119
2019-10-12 3 7 129
2019-10-12 3 8 111
2019-10-12 3 8 80
2019-10-12 3 8 184
2019-10-12 4 13 238
2019-10-12 4 13 164
2019-10-12 4 13 161
2019-10-12 4 14 112
2019-10-12 4 14 169
2019-10-12 4 14 220
2019-10-12 4 15 271
2019-10-12 4 15 204
2019-10-12 4 15 156
2019-10-12 4 16 233
2019-10-12 4 16 92
2019-10-12 4 16 145
2019-10-12 5 9 93
2019-10-12 5 9 182
2019-10-12 5 9 57
2019-10-12 5 10 213
2019-10-12 5 10 113
2019-10-12 5 10 198
2019-10-12 5 11 254
2019-10-12 5 11 165
2019-10-12 5 11 243
2019-10-12 5 12 236
2019-10-12 5 12 169
2019-10-12 5 12 39
2019-08-16 2 1 128
2019-08-16 2 1 81
2019-08-16 2 1 113
2019-08-16 2 2 179
2019-08-16 2 2 235
2019-08-16 2 2 50
2019-08-16 2 3 42
2019-08-16 2 3 121
2019-08-16 2 3 132
2019-08-16 2 4 207
2019-08-16 2 4 41
2019-08-16 2 4 129
2019-08-16 3 5 110
2019-08-16 3 5 167
2019-08-16 3 5 87
2019-08-16 3 6 198
2019-08-16 3 6 37
2019-08-16 3 6 176
2019-08-16 3 7 105
2019-08-16 3 7 91
2019-08-16 3 7 88
2019-08-16 3 8 189
2019-08-16 3 8 259
2019-08-16 3 8 68
2019-08-16 4 13 53
2019-08-16 4 13 227
2019-08-16 4 13 300
2019-08-16 4 14 218
2019-08-16 4 14 236
2019-08-16 4 14 251
2019-08-16 4 15 220
2019-08-16 4 15 64
2019-08-16 4 15 57
2019-08-16 4 16 32
2019-08-16 4 16 239
2019-08-16 4 16 289
2019-08-16 5 9 52
2019-08-16 5 9 251
2019-08-16 5 9 109
2019-08-16 5 10 181
2019-08-16 5 10 183
2019-08-16 5 10 146
2019-08-16 5 11 280
2019-08-16 5 11 263
2019-08-16 5 11 283
2019-08-16 5 12 66
2019-08-16 5 12 186
2019-08-16 5 12 46
2019-10-03 2 1 107
2019-10-03 2 1 297
2019-10-03 2 1 176
2019-10-03 2 2 91
2019-10-03 2 2 90
2019-10-03 2 2 225
2019-10-03 2 3 288
2019-10-03 2 3 89
2019-10-03 2 3 142
2019-10-03 2 4 224
2019-10-03 2 4 65
2019-10-03 2 4 61
2019-10-03 3 5 284
2019-10-03 3 5 93
2019-10-03 3 5 63
2019-10-03 3 6 222
2019-10-03 3 6 81
2019-10-03 3 6 112
2019-10-03 3 7 198
2019-10-03 3 7 186
2019-10-03 3 7 263
2019-10-03 3 8 80
2019-10-03 3 8 32
2019-10-03 3 8 268
2019-10-03 4 13 68
2019-10-03 4 13 40
2019-10-03 4 13 33
2019-10-03 4 14 250
2019-10-03 4 14 56
2019-10-03 4 14 241
2019-10-03 4 15 211
2019-10-03 4 15 159
2019-10-03 4 15 263
2019-10-03 4 16 86
2019-10-03 4 16 246
2019-10-03 4 16 52
2019-10-03 5 9 36
2019-10-03 5 9 234
2019-10-03 5 9 137
2019-10-03 5 10 149
2019-10-03 5 10 183
2019-10-03 5 10 173
2019-10-03 5 11 180
2019-10-03 5 11 192
2019-10-03 5 11 262
2019-10-03 5 12 240
2019-10-03 5 12 139
2019-10-03 5 12 68
2019-04-06 2 1 224
2019-04-06 2 1 39
2019-04-06 2 1 112
2019-04-06 2 2 226
2019-04-06 2 2 32
2019-04-06 2 2 176
2019-04-06 2 3 237
2019-04-06 2 3 61
2019-04-06 2 3 125
2019-04-06 2 4 289
2019-04-06 2 4 272
2019-04-06 2 4 62
2019-04-06 3 5 174
2019-04-06 3 5 235
2019-04-06 3 5 144
2019-04-06 3 6 119
2019-04-06 3 6 283
2019-04-06 3 6 151
2019-04-06 3 7 78
2019-04-06 3 7 120
2019-04-06 3 7 270
2019-04-06 3 8 257
2019-04-06 3 8 263
2019-04-06 3 8 175
2019-04-06 4 13 174
2019-04-06 4 13 224
2019-04-06 4 13 140
2019-04-06 4 14 283
2019-04-06 4 14 262
2019-04-06 4 14 187
2019-04-06 4 15 289
2019-04-06 4 15 211
2019-04-06 4 15 222
2019-04-06 4 16 126
2019-04-06 4 16 137
2019-04-06 4 16 224
2019-04-06 5 9 272
2019-04-06 5 9 99
2019-04-06 5 9 255
2019-04-06 5 10 123
2019-04-06 5 10 113
2019-04-06 5 10 253
2019-04-06 5 11 155
2019-04-06 5 11 283
2019-04-06 5 11 213
2019-04-06 5 12 269
2019-04-06 5 12 128
2019-04-06 5 12 195
2019-01-14 2 1 285
2019-01-14 2 1 114
2019-01-14 2 1 159
2019-01-14 2 2 273
2019-01-14 2 2 286
2019-01-14 2 2 32
2019-01-14 2 3 222
2019-01-14 2 3 125
2019-01-14 2 3 41
2019-01-14 2 4 209
2019-01-14 2 4 283
2019-01-14 2 4 300
2019-01-14 3 5 120
2019-01-14 3 5 230
2019-01-14 3 5 152
2019-01-14 3 6 253
2019-01-14 3 6 154
2019-01-14 3 6 123
2019-01-14 3 7 51
2019-01-14 3 7 108
2019-01-14 3 7 242
2019-01-14 3 8 160
2019-01-14 3 8 86
2019-01-14 3 8 96
2019-01-14 4 13 143
2019-01-14 4 13 269
2019-01-14 4 13 65
2019-01-14 4 14 267
2019-01-14 4 14 164
2019-01-14 4 14 180
2019-01-14 4 15 168
2019-01-14 4 15 174
2019-01-14 4 15 265
2019-01-14 4 16 52
2019-01-14 4 16 173
2019-01-14 4 16 250
2019-01-14 5 9 55
2019-01-14 5 9 94
2019-01-14 5 9 100
2019-01-14 5 10 92
2019-01-14 5 10 274
2019-01-14 5 10 108
2019-01-14 5 11 91
2019-01-14 5 11 119
2019-01-14 5 11 38
2019-01-14 5 12 239
2019-01-14 5 12 71
2019-01-14 5 12 162
2019-10-20 2 1 266
2019-10-20 2 1 300
2019-10-20 2 1 248
2019-10-20 2 2 52
2019-10-20 2 2 96
2019-10-20 2 2 116
2019-10-20 2 3 46
2019-10-20 2 3 157
2019-10-20 2 3 82
2019-10-20 2 4 206
2019-10-20 2 4 36
2019-10-20 2 4 221
2019-10-20 3 5 106
2019-10-20 3 5 297
2019-10-20 3 5 243
2019-10-20 3 6 249
2019-10-20 3 6 272
2019-10-20 3 6 294
2019-10-20 3 7 42
2019-10-20 3 7 98
2019-10-20 3 7 85
2019-10-20 3 8 41
2019-10-20 3 8 176
2019-10-20 3 8 173
2019-10-20 4 13 130
2019-10-20 4 13 184
2019-10-20 4 13 137
2019-10-20 4 14 197
2019-10-20 4 14 71
2019-10-20 4 14 195
2019-10-20 4 15 285
2019-10-20 4 15 63
2019-10-20 4 15 195
2019-10-20 4 16 259
2019-10-20 4 16 111
2019-10-20 4 16 261
2019-10-20 5 9 74
2019-10-20 5 9 127
2019-10-20 5 9 143
2019-10-20 5 10 153
2019-10-20 5 10 33
2019-10-20 5 10 149
2019-10-20 5 11 99
2019-10-20 5 11 109
2019-10-20 5 11 172
2019-10-20 5 12 67
2019-10-20 5 12 83
2019-10-20 5 12 143
2019-09-26 2 1 211
2019-09-26 2 1 142
2019-09-26 2 1 133
2019-09-26 2 2 113
2019-09-26 2 2 40
2019-09-26 2 2 259
2019-09-26 2 3 293
2019-09-26 2 3 148
2019-09-26 2 3 156
2019-09-26 2 4 64
2019-09-26 2 4 42
2019-09-26 2 4 166
2019-09-26 3 5 97
2019-09-26 3 5 233
2019-09-26 3 5 124
2019-09-26 3 6 178
2019-09-26 3 6 219
2019-09-26 3 6 195
2019-09-26 3 7 30
2019-09-26 3 7 61
2019-09-26 3 7 47
2019-09-26 3 8 33
2019-09-26 3 8 207
2019-09-26 3 8 142
2019-09-26 4 13 138
2019-09-26 4 13 78
2019-09-26 4 13 179
2019-09-26 4 14 191
2019-09-26 4 14 217
2019-09-26 4 14 236
2019-09-26 4 15 283
2019-09-26 4 15 154
2019-09-26 4 15 104
2019-09-26 4 16 141
2019-09-26 4 16 237
2019-09-26 4 16 114
2019-09-26 5 9 99
2019-09-26 5 9 229
2019-09-26 5 9 258
2019-09-26 5 10 251
2019-09-26 5 10 289
2019-09-26 5 10 297
2019-09-26 5 11 143
2019-09-26 5 11 111
2019-09-26 5 11 229
2019-09-26 5 12 237
2019-09-26 5 12 285
2019-09-26 5 12 148
2019-11-03 2 1 205
2019-11-03 2 1 174
2019-11-03 2 1 44
2019-11-03 2 2 111
2019-11-03 2 2 41
2019-11-03 2 2 179
2019-11-03 2 3 185
2019-11-03 2 3 191
2019-11-03 2 3 69
2019-11-03 2 4 102
2019-11-03 2 4 126
2019-11-03 2 4 77
2019-11-03 3 5 252
2019-11-03 3 5 226
2019-11-03 3 5 188
2019-11-03 3 6 214
2019-11-03 3 6 40
2019-11-03 3 6 284
2019-11-03 3 7 168
2019-11-03 3 7 294
2019-11-03 3 7 260
2019-11-03 3 8 157
2019-11-03 3 8 290
2019-11-03 3 8 102
2019-11-03 4 13 238
2019-11-03 4 13 219
2019-11-03 4 13 39
2019-11-03 4 14 223
2019-11-03 4 14 92
2019-11-03 4 14 192
2019-11-03 4 15 234
2019-11-03 4 15 267
2019-11-03 4 15 66
2019-11-03 4 16 248
2019-11-03 4 16 104
2019-11-03 4 16 103
2019-11-03 5 9 126
2019-11-03 5 9 259
2019-11-03 5 9 264
2019-11-03 5 10 192
2019-11-03 5 10 86
2019-11-03 5 10 116
2019-11-03 5 11 265
2019-11-03 5 11 37
2019-11-03 5 11 41
2019-11-03 5 12 153
2019-11-03 5 12 221
2019-11-03 5 12 77
2019-12-23 2 1 71
2019-12-23 2 1 121
2019-12-23 2 1 242
2019-12-23 2 2 86
2019-12-23 2 2 220
2019-12-23 2 2 179
2019-12-23 2 3 30
2019-12-23 2 3 255
2019-12-23 2 3 127
2019-12-23 2 4 118
2019-12-23 2 4 146
2019-12-23 2 4 86
2019-12-23 3 5 85
2019-12-23 3 5 208
2019-12-23 3 5 34
2019-12-23 3 6 185
2019-12-23 3 6 282
2019-12-23 3 6 156
2019-12-23 3 7 143
2019-12-23 3 7 271
2019-12-23 3 7 73
2019-12-23 3 8 200
2019-12-23 3 8 86
2019-12-23 3 8 38
2019-12-23 4 13 233
2019-12-23 4 13 124
2019-12-23 4 13 187
2019-12-23 4 14 154
2019-12-23 4 14 197
2019-12-23 4 14 48
2019-12-23 4 15 239
2019-12-23 4 15 264
2019-12-23 4 15 165
2019-12-23 4 16 180
2019-12-23 4 16 50
2019-12-23 4 16 110
2019-12-23 5 9 84
2019-12-23 5 9 50
2019-12-23 5 9 64
2019-12-23 5 10 182
2019-12-23 5 10 139
2019-12-23 5 10 181
2019-12-23 5 11 238
2019-12-23 5 11 220
2019-12-23 5 11 88
2019-12-23 5 12 268
2019-12-23 5 12 130
2019-12-23 5 12 95
2019-03-13 2 1 66
2019-03-13 2 1 219
2019-03-13 2 1 168
2019-03-13 2 2 148
2019-03-13 2 2 227
2019-03-13 2 2 101
2019-03-13 2 3 268
2019-03-13 2 3 139
2019-03-13 2 3 251
2019-03-13 2 4 165
2019-03-13 2 4 157
2019-03-13 2 4 189
2019-03-13 3 5 128
2019-03-13 3 5 48
2019-03-13 3 5 68
2019-03-13 3 6 174
2019-03-13 3 6 128
2019-03-13 3 6 122
2019-03-13 3 7 221
2019-03-13 3 7 163
2019-03-13 3 7 300
2019-03-13 3 8 85
2019-03-13 3 8 69
2019-03-13 3 8 264
2019-03-13 4 13 30
2019-03-13 4 13 153
2019-03-13 4 13 257
2019-03-13 4 14 130
2019-03-13 4 14 219
2019-03-13 4 14 132
2019-03-13 4 15 72
2019-03-13 4 15 281
2019-03-13 4 15 51
2019-03-13 4 16 237
2019-03-13 4 16 128
2019-03-13 4 16 274
2019-03-13 5 9 63
2019-03-13 5 9 96
2019-03-13 5 9 113
2019-03-13 5 10 284
2019-03-13 5 10 257
2019-03-13 5 10 266
2019-03-13 5 11 172
2019-03-13 5 11 110
2019-03-13 5 11 284
2019-03-13 5 12 236
2019-03-13 5 12 255
2019-03-13 5 12 138
2019-08-24 2 1 297
2019-08-24 2 1 83
2019-08-24 2 1 230
2019-08-24 2 2 91
2019-08-24 2 2 72
2019-08-24 2 2 230
2019-08-24 2 3 214
2019-08-24 2 3 299
2019-08-24 2 3 85
2019-08-24 2 4 158
2019-08-24 2 4 131
2019-08-24 2 4 127
2019-08-24 3 5 138
2019-08-24 3 5 178
2019-08-24 3 5 89
2019-08-24 3 6 263
2019-08-24 3 6 151
2019-08-24 3 6 122
2019-08-24 3 7 84
2019-08-24 3 7 234
2019-08-24 3 7 105
2019-08-24 3 8 40
2019-08-24 3 8 200
2019-08-24 3 8 273
2019-08-24 4 13 120
2019-08-24 4 13 209
2019-08-24 4 13 234
2019-08-24 4 14 74
2019-08-24 4 14 72
2019-08-24 4 14 288
2019-08-24 4 15 245
2019-08-24 4 15 68
2019-08-24 4 15 96
2019-08-24 4 16 200
2019-08-24 4 16 129
2019-08-24 4 16 138
2019-08-24 5 9 155
2019-08-24 5 9 69
2019-08-24 5 9 162
2019-08-24 5 10 210
2019-08-24 5 10 197
2019-08-24 5 10 263
2019-08-24 5 11 63
2019-08-24 5 11 61
2019-08-24 5 11 166
2019-08-24 5 12 122
2019-08-24 5 12 294
2019-08-24 5 12 288
2019-09-22 2 1 247
2019-09-22 2 1 45
2019-09-22 2 1 87
2019-09-22 2 2 172
2019-09-22 2 2 44
2019-09-22 2 2 203
2019-09-22 2 3 81
2019-09-22 2 3 274
2019-09-22 2 3 274
2019-09-22 2 4 149
2019-09-22 2 4 261
2019-09-22 2 4 218
2019-09-22 3 5 214
2019-09-22 3 5 82
2019-09-22 3 5 144
2019-09-22 3 6 42
2019-09-22 3 6 190
2019-09-22 3 6 269
2019-09-22 3 7 107
2019-09-22 3 7 78
2019-09-22 3 7 179
2019-09-22 3 8 275
2019-09-22 3 8 66
2019-09-22 3 8 212
2019-09-22 4 13 61
2019-09-22 4 13 203
2019-09-22 4 13 59
2019-09-22 4 14 54
2019-09-22 4 14 190
2019-09-22 4 14 270
2019-09-22 4 15 127
2019-09-22 4 15 136
2019-09-22 4 15 41
2019-09-22 4 16 210
2019-09-22 4 16 279
2019-09-22 4 16 81
2019-09-22 5 9 112
2019-09-22 5 9 85
2019-09-22 5 9 54
2019-09-22 5 10 111
2019-09-22 5 10 204
2019-09-22 5 10 41
2019-09-22 5 11 300
2019-09-22 5 11 117
2019-09-22 5 11 93
2019-09-22 5 12 143
2019-09-22 5 12 156
2019-09-22 5 12 280
2019-11-19 2 1 57
2019-11-19 2 1 286
2019-11-19 2 1 233
2019-11-19 2 2 93
2019-11-19 2 2 223
2019-11-19 2 2 264
2019-11-19 2 3 266
2019-11-19 2 3 253
2019-11-19 2 3 43
2019-11-19 2 4 155
2019-11-19 2 4 248
2019-11-19 2 4 166
2019-11-19 3 5 288
2019-11-19 3 5 259
2019-11-19 3 5 75
2019-11-19 3 6 266
2019-11-19 3 6 65
2019-11-19 3 6 184
2019-11-19 3 7 76
2019-11-19 3 7 90
2019-11-19 3 7 265
2019-11-19 3 8 250
2019-11-19 3 8 101
2019-11-19 3 8 290
2019-11-19 4 13 93
2019-11-19 4 13 190
2019-11-19 4 13 158
2019-11-19 4 14 219
2019-11-19 4 14 169
2019-11-19 4 14 266
2019-11-19 4 15 177
2019-11-19 4 15 196
2019-11-19 4 15 277
2019-11-19 4 16 136
2019-11-19 4 16 286
2019-11-19 4 16 200
2019-11-19 5 9 125
2019-11-19 5 9 251
2019-11-19 5 9 178
2019-11-19 5 10 139
2019-11-19 5 10 132
2019-11-19 5 10 151
2019-11-19 5 11 30
2019-11-19 5 11 145
2019-11-19 5 11 136
2019-11-19 5 12 102
2019-11-19 5 12 136
2019-11-19 5 12 171
2019-08-18 2 1 231
2019-08-18 2 1 246
2019-08-18 2 1 157
2019-08-18 2 2 57
2019-08-18 2 2 262
2019-08-18 2 2 220
2019-08-18 2 3 218
2019-08-18 2 3 145
2019-08-18 2 3 164
2019-08-18 2 4 86
2019-08-18 2 4 110
2019-08-18 2 4 41
2019-08-18 3 5 279
2019-08-18 3 5 113
2019-08-18 3 5 173
2019-08-18 3 6 264
2019-08-18 3 6 38
2019-08-18 3 6 268
2019-08-18 3 7 240
2019-08-18 3 7 212
2019-08-18 3 7 132
2019-08-18 3 8 97
2019-08-18 3 8 62
2019-08-18 3 8 133
2019-08-18 4 13 212
2019-08-18 4 13 168
2019-08-18 4 13 205
2019-08-18 4 14 47
2019-08-18 4 14 39
2019-08-18 4 14 186
2019-08-18 4 15 225
2019-08-18 4 15 240
2019-08-18 4 15 157
2019-08-18 4 16 82
2019-08-18 4 16 294
2019-08-18 4 16 118
2019-08-18 5 9 298
2019-08-18 5 9 211
2019-08-18 5 9 234
2019-08-18 5 10 162
2019-08-18 5 10 267
2019-08-18 5 10 69
2019-08-18 5 11 199
2019-08-18 5 11 245
2019-08-18 5 11 152
2019-08-18 5 12 71
2019-08-18 5 12 234
2019-08-18 5 12 186
2019-11-24 2 1 97
2019-11-24 2 1 141
2019-11-24 2 1 241
2019-11-24 2 2 130
2019-11-24 2 2 270
2019-11-24 2 2 179
2019-11-24 2 3 294
2019-11-24 2 3 200
2019-11-24 2 3 222
2019-11-24 2 4 32
2019-11-24 2 4 85
2019-11-24 2 4 147
2019-11-24 3 5 269
2019-11-24 3 5 212
2019-11-24 3 5 199
2019-11-24 3 6 262
2019-11-24 3 6 56
2019-11-24 3 6 222
2019-11-24 3 7 172
2019-11-24 3 7 286
2019-11-24 3 7 83
2019-11-24 3 8 164
2019-11-24 3 8 80
2019-11-24 3 8 252
2019-11-24 4 13 135
2019-11-24 4 13 229
2019-11-24 4 13 48
2019-11-24 4 14 68
2019-11-24 4 14 114
2019-11-24 4 14 83
2019-11-24 4 15 212
2019-11-24 4 15 182
2019-11-24 4 15 194
2019-11-24 4 16 179
2019-11-24 4 16 37
2019-11-24 4 16 189
2019-11-24 5 9 83
2019-11-24 5 9 56
2019-11-24 5 9 88
2019-11-24 5 10 275
2019-11-24 5 10 59
2019-11-24 5 10 143
2019-11-24 5 11 121
2019-11-24 5 11 53
2019-11-24 5 11 80
2019-11-24 5 12 45
2019-11-24 5 12 40
2019-11-24 5 12 132
2019-10-23 2 1 143
2019-10-23 2 1 46
2019-10-23 2 1 71
2019-10-23 2 2 194
2019-10-23 2 2 295
2019-10-23 2 2 176
2019-10-23 2 3 122
2019-10-23 2 3 42
2019-10-23 2 3 215
2019-10-23 2 4 232
2019-10-23 2 4 95
2019-10-23 2 4 152
2019-10-23 3 5 139
2019-10-23 3 5 285
2019-10-23 3 5 56
2019-10-23 3 6 146
2019-10-23 3 6 173
2019-10-23 3 6 109
2019-10-23 3 7 173
2019-10-23 3 7 257
2019-10-23 3 7 84
2019-10-23 3 8 228
2019-10-23 3 8 125
2019-10-23 3 8 201
2019-10-23 4 13 277
2019-10-23 4 13 176
2019-10-23 4 13 217
2019-10-23 4 14 287
2019-10-23 4 14 33
2019-10-23 4 14 180
2019-10-23 4 15 220
2019-10-23 4 15 147
2019-10-23 4 15 196
2019-10-23 4 16 261
2019-10-23 4 16 40
2019-10-23 4 16 190
2019-10-23 5 9 163
2019-10-23 5 9 158
2019-10-23 5 9 203
2019-10-23 5 10 103
2019-10-23 5 10 89
2019-10-23 5 10 294
2019-10-23 5 11 251
2019-10-23 5 11 199
2019-10-23 5 11 279
2019-10-23 5 12 278
2019-10-23 5 12 70
2019-10-23 5 12 177
2019-05-19 2 1 134
2019-05-19 2 1 166
2019-05-19 2 1 192
2019-05-19 2 2 229
2019-05-19 2 2 67
2019-05-19 2 2 168
2019-05-19 2 3 130
2019-05-19 2 3 280
2019-05-19 2 3 180
2019-05-19 2 4 134
2019-05-19 2 4 159
2019-05-19 2 4 99
2019-05-19 3 5 277
2019-05-19 3 5 54
2019-05-19 3 5 60
2019-05-19 3 6 42
2019-05-19 3 6 215
2019-05-19 3 6 219
2019-05-19 3 7 170
2019-05-19 3 7 143
2019-05-19 3 7 292
2019-05-19 3 8 255
2019-05-19 3 8 136
2019-05-19 3 8 242
2019-05-19 4 13 179
2019-05-19 4 13 140
2019-05-19 4 13 245
2019-05-19 4 14 220
2019-05-19 4 14 288
2019-05-19 4 14 57
2019-05-19 4 15 184
2019-05-19 4 15 147
2019-05-19 4 15 193
2019-05-19 4 16 76
2019-05-19 4 16 101
2019-05-19 4 16 256
2019-05-19 5 9 214
2019-05-19 5 9 202
2019-05-19 5 9 235
2019-05-19 5 10 120
2019-05-19 5 10 61
2019-05-19 5 10 93
2019-05-19 5 11 189
2019-05-19 5 11 63
2019-05-19 5 11 144
2019-05-19 5 12 219
2019-05-19 5 12 75
2019-05-19 5 12 58
2019-02-09 2 1 171
2019-02-09 2 1 154
2019-02-09 2 1 195
2019-02-09 2 2 32
2019-02-09 2 2 122
2019-02-09 2 2 100
2019-02-09 2 3 143
2019-02-09 2 3 66
2019-02-09 2 3 45
2019-02-09 2 4 156
2019-02-09 2 4 93
2019-02-09 2 4 199
2019-02-09 3 5 273
2019-02-09 3 5 283
2019-02-09 3 5 271
2019-02-09 3 6 73
2019-02-09 3 6 238
2019-02-09 3 6 211
2019-02-09 3 7 271
2019-02-09 3 7 199
2019-02-09 3 7 30
2019-02-09 3 8 31
2019-02-09 3 8 288
2019-02-09 3 8 189
2019-02-09 4 13 64
2019-02-09 4 13 131
2019-02-09 4 13 134
2019-02-09 4 14 135
2019-02-09 4 14 185
2019-02-09 4 14 267
2019-02-09 4 15 75
2019-02-09 4 15 55
2019-02-09 4 15 147
2019-02-09 4 16 267
2019-02-09 4 16 58
2019-02-09 4 16 239
2019-02-09 5 9 66
2019-02-09 5 9 197
2019-02-09 5 9 30
2019-02-09 5 10 107
2019-02-09 5 10 52
2019-02-09 5 10 120
2019-02-09 5 11 276
2019-02-09 5 11 295
2019-02-09 5 11 102
2019-02-09 5 12 273
2019-02-09 5 12 93
2019-02-09 5 12 65